50 50
46 207 49 247 70 34 55 37 173 4 123 152 214 143 247 27 53 236 171 152 73 30 116 39 62 151 86 117 77 199 117 10 219 61 129 196 87 225 54 3 154 56 39 148 8 44 225 109 121 11
188 79 155 239 198 241 239 159 114 86 61 228 17 159 155 76 99 140 152 239 4 127 228 72 17 153 108 73 86 157 63 217 106 166 155 216 87 95 92 195 137 197 141 223 102 247 56 129 132 90
31 111 222 63 45 69 29 134 27 93 156 53 7 54 20 164 198 86 161 246 123 238 83 70 43 78 171 172 143 121 36 143 156 172 182 195 171 90 20 71 87 234 223 59 20 205 221 53 116 111
141 116 145 16 70 107 89 17 245 147 57 217 174 254 87 103 202 147 35 222 251 162 167 125 146 241 51 28 151 213 48 32 70 223 7 3 2 102 65 198 29 20 205 69 0 64 143 222 0 101
236 192 108 253 130 248 164 138 69 213 168 121 75 1 52 165 48 112 151 208 239 5 245 96 74 154 100 112 95 239 60 99 197 105 255 72 103 68 145 221 110 50 57 189 50 148 149 73 52 129
86 210 0 242 216 72 248 168 71 91 94 120 154 143 200 213 108 185 216 131 80 70 157 69 122 68 255 130 148 118 153 176 137 239 252 8 126 103 37 75 179 178 50 244 146 115 80 175 72 18
75 139 243 8 209 250 2 142 230 229 241 186 183 206 186 180 203 3 25 88 49 26 157 1 175 156 91 197 7 41 91 161 230 44 25 19 180 13 127 153 248 244 190 246 3 138 57 10 23 178
109 103 94 3 204 32 148 63 173 166 41 243 208 132 52 54 162 220 49 142 24 189 13 77 227 215 133 155 63 76 54 128 173 53 27 232 212 252 159 181 26 127 153 224 211 218 88 79 44 3
226 112 213 32 39 173 175 40 53 58 37 65 122 12 202 226 101 78 35 197 34 22 223 117 100 27 15 52 26 142 28 123 89 122 150 248 65 105 68 98 193 72 106 109 36 212 201 5 103 35
255 208 242 2 146 145 17 90 193 241 36 92 161 105 153 16 230 210 146 235 185 54 122 131 35 63 201 237 23 231 181 210 182 51 137 89 228 78 2 233 181 144 86 70 128 252 88 173 139 186
230 199 139 85 201 177 131 92 203 1 92 110 170 72 4 29 128 89 97 74 147 23 12 248 230 93 87 189 99 6 107 37 102 19 157 231 188 158 148 147 135 220 54 43 243 160 23 231 199 225
17 182 87 210 160 72 142 143 107 111 72 164 183 214 76 95 61 89 168 114 56 3 203 12 251 12 131 76 149 138 172 120 244 233 90 86 49 251 224 38 122 122 34 22 134 146 203 247 194 115
240 144 159 15 131 168 97 3 137 203 7 85 140 25 13 13 193 148 84 20 116 228 137 134 165 84 247 193 149 74 74 229 213 65 210 21 80 146 222 20 146 190 35 213 147 112 225 219 124 121
248 209 15 237 120 126 19 209 155 236 76 111 199 9 206 113 15 182 115 14 96 160 155 147 165 131 42 223 12 60 49 2 234 122 147 166 28 109 32 196 171 44 49 74 93 234 134 8 23 171
241 247 252 248 52 98 157 130 18 26 161 246 211 165 6 157 104 239 32 177 52 130 164 23 186 28 96 153 218 32 187 139 51 59 60 216 130 198 189 205 83 78 54 134 38 214 29 215 192 48
195 254 200 104 187 184 47 7 10 130 12 45 6 140 130 79 99 246 45 174 73 171 223 36 104 172 246 25 59 209 132 243 94 208 249 68 253 254 146 44 224 243 131 187 93 52 123 235 7 157
132 19 18 12 76 75 123 111 6 85 60 57 81 79 56 192 28 231 254 18 249 237 222 100 218 74 121 121 168 148 218 108 117 236 170 56 97 40 79 208 252 124 238 214 164 13 245 250 3 52
106 16 7 110 222 29 67 187 167 72 40 81 207 201 241 83 122 184 170 200 144 187 128 224 10 240 112 146 81 217 5 68 144 35 169 201 79 143 171 135 109 191 168 198 236 11 209 230 205 213
165 242 0 19 11 125 63 38 209 147 231 163 214 130 176 154 197 56 27 228 156 111 173 190 69 5 191 130 218 198 4 14 161 203 179 69 201 254 38 21 51 128 238 41 119 113 12 240 28 31
116 106 253 106 75 16 27 143 169 253 230 21 94 120 117 178 141 153 173 36 91 196 194 124 140 213 158 224 207 164 211 131 198 249 172 98 53 203 241 90 36 40 87 112 130 108 89 109 0 171
229 221 235 249 120 30 153 149 170 162 227 38 29 158 160 205 43 23 53 181 251 171 40 111 240 47 47 43 95 90 82 127 201 43 108 7 171 20 225 135 48 133 49 8 243 65 211 73 120 178
26 154 90 96 108 121 118 247 45 176 165 143 63 220 30 155 7 135 252 54 45 73 124 0 39 84 48 95 184 12 82 15 158 146 9 238 136 234 49 207 146 151 63 114 16 128 224 164 116 237
33 65 205 137 189 96 169 84 109 203 83 186 193 85 229 14 68 162 211 57 127 30 37 88 27 254 43 226 219 162 52 20 19 38 99 155 187 126 230 58 90 186 63 54 0 245 60 75 237 195
137 41 177 134 3 42 217 141 131 135 114 105 124 189 68 100 72 139 74 108 128 21 74 49 0 138 241 29 183 143 195 195 216 192 55 231 78 21 179 193 80 200 152 247 59 206 74 181 47 214
62 8 98 66 93 37 146 38 187 127 214 53 185 226 166 29 101 190 60 26 15 121 70 101 60 97 107 41 221 91 176 219 225 107 110 5 134 53 0 141 247 246 61 188 23 0 189 78 126 252
191 67 98 22 31 136 49 173 149 202 55 175 230 182 148 21 174 163 49 38 128 33 171 74 203 215 71 180 26 111 212 17 62 161 178 248 70 177 215 112 30 167 119 40 107 217 242 108 113 237
226 180 30 249 91 94 116 11 244 127 163 55 206 239 201 104 225 137 105 232 67 239 57 105 126 117 95 185 171 105 119 7 117 145 178 227 43 186 206 62 235 245 58 177 174 221 212 1 14 111
36 89 81 220 39 22 227 95 242 109 217 184 123 52 75 219 223 56 79 114 224 6 212 36 203 91 23 126 50 167 184 117 193 234 170 75 23 211 222 112 106 196 133 213 119 68 173 38 151 142
156 95 32 106 205 52 67 116 193 120 154 63 211 87 183 24 221 244 176 51 221 180 56 85 249 77 64 18 1 154 19 52 46 41 150 107 92 142 135 28 141 87 185 111 115 179 217 64 209 15
132 125 48 20 184 85 79 180 223 133 87 20 196 127 24 61 88 96 38 25 12 154 163 87 127 102 170 245 245 154 229 246 82 251 105 59 16 38 104 44 30 67 133 250 180 158 35 75 84 205
123 215 26 206 174 24 235 155 85 150 167 186 164 123 241 117 174 34 117 23 10 195 149 45 50 89 137 107 24 130 87 255 25 109 193 114 222 79 145 94 70 7 23 221 81 123 139 218 175 86
40 215 114 98 133 104 94 38 169 70 228 209 146 12 83 191 187 55 162 8 164 193 176 5 59 94 219 226 68 132 147 38 112 182 162 149 197 199 123 36 201 173 140 81 235 16 68 200 28 33
104 10 240 178 34 8 121 56 158 1 213 204 209 55 147 31 104 122 160 156 210 190 91 68 34 255 125 151 183 146 88 252 145 104 90 163 254 27 252 164 220 222 75 11 222 107 129 224 195 94
7 96 94 229 241 58 31 23 110 108 163 8 114 171 64 183 200 90 226 122 7 79 93 158 247 19 230 235 67 108 64 202 82 162 221 232 191 25 175 93 9 224 164 235 106 227 74 23 57 142
240 40 177 46 175 39 55 254 9 209 228 208 102 201 199 51 122 164 47 108 121 177 30 210 172 223 161 8 60 77 56 235 150 106 20 27 27 17 215 26 144 240 13 250 4 142 64 199 255 203
33 151 35 33 143 221 106 225 152 191 25 131 211 247 85 27 209 110 107 65 148 244 126 154 144 41 134 205 186 216 124 199 77 160 221 215 101 43 156 168 230 139 189 9 56 130 239 137 24 129
33 93 220 158 104 178 35 181 80 205 162 229 49 90 203 88 35 33 29 186 79 203 203 14 162 101 181 172 35 94 195 218 114 73 195 6 31 43 228 15 217 38 131 46 71 113 181 64 107 41
223 236 239 12 102 219 254 94 88 252 140 99 191 128 69 199 177 57 37 69 96 9 194 44 107 104 245 195 17 136 53 182 249 83 117 166 78 118 2 25 91 72 245 6 108 0 31 204 48 29
8 50 99 205 35 156 83 15 89 125 194 104 212 216 230 251 55 37 255 231 82 184 124 96 200 38 31 44 20 106 75 101 221 32 240 82 45 92 136 114 50 100 114 103 82 2 122 131 207 244
159 164 162 75 79 45 20 167 4 172 94 52 79 104 232 238 181 120 6 125 4 144 138 65 125 40 83 70 22 183 172 226 112 74 17 47 191 183 80 65 2 191 61 227 42 236 131 143 241 37
217 252 11 140 109 215 70 130 236 7 131 44 151 23 62 255 189 228 29 186 68 204 47 138 162 236 91 84 12 245 48 166 67 204 237 32 8 163 13 177 245 44 188 120 46 165 230 63 219 231
32 186 30 14 141 99 45 248 180 78 192 205 86 171 28 24 136 54 9 184 144 41 204 207 148 68 84 125 159 219 142 13 239 111 174 91 204 244 31 132 168 190 14 160 59 22 233 59 204 103
93 106 212 204 26 0 216 243 121 37 233 225 65 161 167 69 9 237 243 31 115 190 76 110 116 190 177 65 235 123 198 179 53 154 9 212 224 217 248 167 180 211 203 40 61 10 80 177 7 162
127 238 240 86 212 221 143 167 31 17 174 66 36 228 123 127 118 177 89 233 25 113 27 12 151 6 187 11 21 56 240 162 62 149 47 201 243 59 239 183 10 136 32 246 208 74 221 242 52 24
32 77 0 79 214 40 39 231 54 210 53 118 33 127 0 221 230 168 108 168 94 103 94 243 232 148 241 124 95 36 214 217 15 243 151 228 191 194 49 129 205 12 237 194 252 83 153 38 28 184
192 52 253 145 171 95 236 39 2 223 77 55 7 73 107 179 99 198 142 160 254 6 44 108 62 69 134 26 204 30 247 91 230 137 224 135 165 156 241 51 158 134 79 65 243 181 141 25 192 183
66 61 94 110 242 30 204 1 195 70 237 181 209 80 97 28 26 169 230 117 255 231 63 47 162 128 208 244 23 127 151 18 54 110 44 28 77 205 222 174 243 38 196 121 220 168 174 187 232 142
38 248 23 63 106 39 226 226 164 84 187 91 138 128 193 87 243 242 140 240 189 118 222 97 12 193 26 20 243 69 133 7 127 173 13 56 190 62 90 217 61 239 20 121 5 191 160 255 145 38
100 35 193 144 215 28 89 226 13 242 130 112 135 103 113 66 160 50 39 110 252 127 179 134 154 78 209 243 137 195 14 191 40 27 219 246 51 50 62 206 50 91 80 47 203 20 11 112 237 150
110 171 32 191 78 189 115 222 194 35 248 127 252 108 135 105 248 168 4 38 9 55 143 8 164 252 100 96 148 136 53 187 29 65 172 74 61 28 131 204 131 208 86 0 172 61 150 182 50 116